name: pyqt6Nuitka
channels:
  - defaults
dependencies:
  - bzip2=1.0.8
  - ca-certificates=2025.12.2
  - expat=2.7.4
  - libexpat=2.7.4
  - libffi=3.4.4
  - libzlib=1.3.1
  - openssl=3.0.19
  - packaging=25.0
  - pip=26.0.1
  - python=3.12.12
  - setuptools=80.10.2
  - sqlite=3.51.1
  - tk=8.6.15
  - tzdata=2025c
  - ucrt=10.0.22621.0
  - vc=14.3
  - vc14_runtime=14.44.35208
  - vs2015_runtime=14.44.35208
  - wheel=0.46.3
  - xz=5.6.4
  - zlib=1.3.1
  - pip:
      - f3d==3.4.1
      - nuitka==4.0.1
      - pyside6==6.10.2
      - pyside6-addons==6.10.2
      - pyside6-essentials==6.10.2
      - shiboken6==6.10.2
      - zstandard==0.25.0
prefix: C:\Users\hp\miniconda3\envs\pyqt6Nuitka
